1 0.328367 0.581768 0.570172 0.836464
18 0.661289 0.846897 0.023922 0.055152
37 0.895828 0.860667 0.205406 0.256183
12 0.956789 0.637482 0.011984 0.095433
13 0.709992 0.811206 0.027078 0.081194
13 0.722367 0.803923 0.024828 0.105785
18 0.645375 0.786768 0.036094 0.059297
18 0.627625 0.847494 0.055594 0.093770
18 0.639727 0.395785 0.022609 0.268525
18 0.668227 0.388841 0.020984 0.241850
18 0.528242 0.679028 0.028391 0.156745
13 0.733969 0.824731 0.025438 0.077939
13 0.739711 0.799742 0.021547 0.076112
13 0.745219 0.824297 0.023938 0.077728
38 0.042203 0.063185 0.083937 0.126370
18 0.656383 0.885656 0.050297 0.049438
18 0.626297 0.738958 0.025844 0.075761
18 0.618633 0.933571 0.023016 0.053794
18 0.644000 0.861382 0.033750 0.058876
18 0.977539 0.144672 0.007484 0.052857